0.0 0.500000 1.500000 2.500000 3.500000 4.500000 
0.001000 0.500747 1.503731 2.509722 3.513769 4.507031 
0.002000 0.501490 1.507426 2.519387 3.527574 4.514123 
0.003000 0.502227 1.511084 2.528995 3.541416 4.521278 
0.004000 0.502959 1.514706 2.538546 3.555294 4.528495 
0.005000 0.503686 1.518293 2.548039 3.569207 4.535774 
0.006000 0.504409 1.521845 2.557475 3.583155 4.543116 
0.007000 0.505127 1.525363 2.566852 3.597137 4.550522 
0.008000 0.505840 1.528847 2.576170 3.611153 4.557990 
0.009000 0.506548 1.532298 2.585430 3.625202 4.565522 
0.010000 0.507252 1.535716 2.594631 3.639284 4.573117 
0.011000 0.507952 1.539102 2.603772 3.653398 4.580776 
0.012000 0.508647 1.542456 2.612853 3.667544 4.588499 
0.013000 0.509339 1.545779 2.621875 3.681721 4.596286 
0.014000 0.510025 1.549071 2.630837 3.695929 4.604138 
0.015000 0.510708 1.552333 2.639738 3.710167 4.612053 
0.016000 0.511387 1.555565 2.648579 3.724435 4.620034 
0.017000 0.512062 1.558767 2.657360 3.738733 4.628078 
0.018000 0.512733 1.561941 2.666080 3.753059 4.636188 
0.019000 0.513400 1.565086 2.674739 3.767414 4.644362 
0.020000 0.514063 1.568203 2.683336 3.781797 4.652601 
0.021000 0.514722 1.571292 2.691873 3.796208 4.660905 
0.022000 0.515378 1.574354 2.700348 3.810646 4.669274 
0.023000 0.516030 1.577389 2.708762 3.825111 4.677707 
0.024000 0.516679 1.580398 2.717115 3.839602 4.686206 
0.025000 0.517324 1.583381 2.725406 3.854119 4.694770 
0.026000 0.517965 1.586338 2.733636 3.868662 4.703399 
0.027000 0.518604 1.589270 2.741804 3.883230 4.712092 
0.028000 0.519239 1.592177 2.749910 3.897823 4.720851 
0.029000 0.519870 1.595060 2.757955 3.912440 4.729674 
0.030000 0.520499 1.597919 2.765939 3.927081 4.738563 
0.031000 0.521124 1.600753 2.773860 3.941747 4.747516 
0.032000 0.521746 1.603565 2.781721 3.956435 4.756534 
0.033000 0.522365 1.606353 2.789519 3.971147 4.765616 
0.034000 0.522981 1.609119 2.797257 3.985881 4.774763 
0.035000 0.523594 1.611862 2.804933 4.000638 4.783974 
0.036000 0.524203 1.614583 2.812547 4.015417 4.793249 
0.037000 0.524810 1.617283 2.820101 4.030217 4.802589 
0.038000 0.525415 1.619961 2.827593 4.045039 4.811992 
0.039000 0.526016 1.622619 2.835025 4.059881 4.821459 
0.040000 0.526614 1.625255 2.842396 4.074745 4.830990 
0.041000 0.527210 1.627871 2.849706 4.089629 4.840584 
0.042000 0.527803 1.630467 2.856955 4.104533 4.850241 
0.043000 0.528394 1.633043 2.864145 4.119457 4.859962 
0.044000 0.528981 1.635600 2.871274 4.134400 4.869745 
0.045000 0.529566 1.638138 2.878343 4.149362 4.879591 
0.046000 0.530149 1.640656 2.885353 4.164344 4.889498 
0.047000 0.530729 1.643156 2.892303 4.179344 4.899468 
0.048000 0.531307 1.645637 2.899193 4.194363 4.909500 
0.049000 0.531882 1.648101 2.906025 4.209399 4.919593 
0.050000 0.532454 1.650546 2.912798 4.224454 4.929748 
0.051000 0.533025 1.652974 2.919512 4.239526 4.939963 
0.052000 0.533593 1.655385 2.926168 4.254615 4.950239 
0.053000 0.534158 1.657778 2.932766 4.269722 4.960576 
0.054000 0.534721 1.660155 2.939307 4.284845 4.970972 
0.055000 0.535283 1.662515 2.945789 4.299985 4.981428 
0.056000 0.535841 1.664858 2.952215 4.315142 4.991943 
0.057000 0.536398 1.667186 2.958584 4.330314 5.002518 
0.058000 0.536952 1.669498 2.964897 4.345502 5.013151 
0.059000 0.537505 1.671794 2.971153 4.360706 5.023842 
0.060000 0.538055 1.674074 2.977354 4.375926 5.034592 
0.061000 0.538603 1.676340 2.983499 4.391160 5.045399 
0.062000 0.539149 1.678590 2.989588 4.406410 5.056263 
0.063000 0.539693 1.680826 2.995623 4.421674 5.067184 
0.064000 0.540235 1.683047 3.001604 4.436953 5.078161 
0.065000 0.540775 1.685254 3.007531 4.452246 5.089194 
0.066000 0.541313 1.687446 3.013404 4.467554 5.100283 
0.067000 0.541849 1.689625 3.019223 4.482875 5.111428 
0.068000 0.542383 1.691789 3.024994 4.498211 5.122623 
0.069000 0.542915 1.693941 3.030709 4.513559 5.133876 
0.070000 0.543446 1.696078 3.036371 4.528922 5.145183 
0.071000 0.543974 1.698203 3.041981 4.544297 5.156544 
0.072000 0.544501 1.700315 3.047540 4.559685 5.167958 
0.073000 0.545026 1.702414 3.053049 4.575086 5.179425 
0.074000 0.545549 1.704500 3.058506 4.590500 5.190944 
0.075000 0.546071 1.706573 3.063914 4.605927 5.202515 
0.076000 0.546591 1.708635 3.069272 4.621365 5.214138 
0.077000 0.547109 1.710684 3.074580 4.636816 5.225811 
0.078000 0.547625 1.712721 3.079840 4.652279 5.237535 
0.079000 0.548140 1.714747 3.085051 4.667753 5.249310 
0.080000 0.548653 1.716760 3.090214 4.683240 5.261133 
0.081000 0.549164 1.718763 3.095330 4.698737 5.273006 
0.082000 0.549674 1.720754 3.100398 4.714246 5.284928 
0.083000 0.550182 1.722733 3.105419 4.729767 5.296899 
0.084000 0.550688 1.724702 3.110395 4.745298 5.308917 
0.085000 0.551194 1.726660 3.115324 4.760840 5.320982 
0.086000 0.551697 1.728607 3.120208 4.776393 5.333095 
0.087000 0.552199 1.730543 3.125047 4.791957 5.345254 
0.088000 0.552699 1.732470 3.129841 4.807530 5.357460 
0.089000 0.553198 1.734385 3.134591 4.823115 5.369710 
0.090000 0.553696 1.736291 3.139297 4.838709 5.382007 
0.091000 0.554192 1.738186 3.143960 4.854314 5.394348 
0.092000 0.554687 1.740072 3.148580 4.869928 5.406733 
0.093000 0.555180 1.741948 3.153158 4.885552 5.419162 
0.094000 0.555672 1.743814 3.157694 4.901186 5.431635 
0.095000 0.556162 1.745670 3.162188 4.916830 5.444150 
0.096000 0.556651 1.747518 3.166640 4.932482 5.456708 
0.097000 0.557139 1.749356 3.171053 4.948144 5.469309 
0.098000 0.557625 1.751184 3.175424 4.963816 5.481951 
0.099000 0.558110 1.753004 3.179756 4.979496 5.494634 
0.100000 0.558594 1.754815 3.184048 4.995185 5.507358 
0.101000 0.559076 1.756617 3.188302 5.010883 5.520122 
0.102000 0.559557 1.758410 3.192516 5.026590 5.532926 
0.103000 0.560037 1.760195 3.196693 5.042305 5.545770 
0.104000 0.560516 1.761971 3.200831 5.058029 5.558653 
0.105000 0.560993 1.763739 3.204932 5.073761 5.571574 
0.106000 0.561469 1.765498 3.208997 5.089502 5.584534 
0.107000 0.561944 1.767250 3.213024 5.105250 5.597532 
0.108000 0.562418 1.768993 3.217016 5.121007 5.610566 
0.109000 0.562890 1.770728 3.220971 5.136772 5.623638 
0.110000 0.563362 1.772456 3.224891 5.152544 5.636747 
0.111000 0.563832 1.774175 3.228777 5.168325 5.649892 
0.112000 0.564301 1.775887 3.232627 5.184113 5.663072 
0.113000 0.564769 1.777592 3.236444 5.199908 5.676288 
0.114000 0.565235 1.779289 3.240226 5.215711 5.689539 
0.115000 0.565701 1.780978 3.243975 5.231522 5.702824 
0.116000 0.566165 1.782661 3.247691 5.247339 5.716143 
0.117000 0.566629 1.784336 3.251375 5.263164 5.729497 
0.118000 0.567091 1.786004 3.255026 5.278996 5.742883 
0.119000 0.567552 1.787664 3.258645 5.294836 5.756303 
0.120000 0.568012 1.789318 3.262233 5.310682 5.769755 
0.121000 0.568471 1.790965 3.265789 5.326535 5.783240 
0.122000 0.568929 1.792606 3.269315 5.342394 5.796756 
0.123000 0.569386 1.794239 3.272810 5.358261 5.810304 
0.124000 0.569842 1.795866 3.276275 5.374134 5.823883 
0.125000 0.570297 1.797487 3.279710 5.390013 5.837493 
0.126000 0.570751 1.799100 3.283116 5.405900 5.851133 
0.127000 0.571204 1.800708 3.286492 5.421792 5.864804 
0.128000 0.571656 1.802309 3.289840 5.437691 5.878504 
0.129000 0.572107 1.803904 3.293160 5.453596 5.892233 
0.130000 0.572557 1.805493 3.296451 5.469507 5.905992 
0.131000 0.573006 1.807076 3.299715 5.485424 5.919779 
0.132000 0.573454 1.808652 3.302952 5.501348 5.933595 
0.133000 0.573901 1.810223 3.306161 5.517277 5.947438 
0.134000 0.574347 1.811788 3.309344 5.533212 5.961309 
0.135000 0.574792 1.813347 3.312500 5.549153 5.975208 
0.136000 0.575237 1.814900 3.315630 5.565100 5.989134 
0.137000 0.575680 1.816448 3.318734 5.581052 6.003086 
0.138000 0.576122 1.817989 3.321813 5.597011 6.017064 
0.139000 0.576564 1.819526 3.324867 5.612974 6.031069 
0.140000 0.577005 1.821057 3.327895 5.628943 6.045100 
0.141000 0.577445 1.822582 3.330900 5.644918 6.059156 
0.142000 0.577884 1.824102 3.333879 5.660898 6.073237 
0.143000 0.578322 1.825617 3.336835 5.676883 6.087343 
0.144000 0.578759 1.827126 3.339767 5.692874 6.101474 
0.145000 0.579195 1.828631 3.342676 5.708869 6.115628 
0.146000 0.579631 1.830130 3.345562 5.724870 6.129807 
0.147000 0.580066 1.831624 3.348425 5.740876 6.144010 
0.148000 0.580500 1.833113 3.351265 5.756887 6.158236 
0.149000 0.580933 1.834597 3.354083 5.772903 6.172485 
0.150000 0.581365 1.836076 3.356878 5.788924 6.186757 
0.151000 0.581796 1.837551 3.359652 5.804949 6.201051 
0.152000 0.582227 1.839020 3.362405 5.820980 6.215368 
0.153000 0.582657 1.840485 3.365136 5.837015 6.229707 
0.154000 0.583086 1.841945 3.367846 5.853055 6.244068 
0.155000 0.583515 1.843401 3.370536 5.869099 6.258450 
0.156000 0.583942 1.844851 3.373204 5.885149 6.272853 
0.157000 0.584369 1.846298 3.375853 5.901202 6.287278 
0.158000 0.584795 1.847740 3.378482 5.917260 6.301723 
0.159000 0.585220 1.849177 3.381091 5.933323 6.316189 
0.160000 0.585645 1.850610 3.383680 5.949390 6.330675 
0.161000 0.586069 1.852038 3.386250 5.965462 6.345181 
0.162000 0.586492 1.853463 3.388801 5.981537 6.359707 
0.163000 0.586914 1.854883 3.391333 5.997617 6.374253 
0.164000 0.587336 1.856298 3.393847 6.013702 6.388818 
0.165000 0.587757 1.857710 3.396342 6.029790 6.403402 
0.166000 0.588177 1.859118 3.398819 6.045882 6.418005 
0.167000 0.588596 1.860521 3.401278 6.061979 6.432626 
0.168000 0.589015 1.861920 3.403719 6.078080 6.447266 
0.169000 0.589433 1.863316 3.406143 6.094184 6.461924 
0.170000 0.589850 1.864707 3.408549 6.110293 6.476600 
0.171000 0.590267 1.866094 3.410938 6.126406 6.491295 
0.172000 0.590683 1.867478 3.413311 6.142522 6.506006 
0.173000 0.591099 1.868858 3.415666 6.158642 6.520735 
0.174000 0.591513 1.870234 3.418005 6.174766 6.535481 
0.175000 0.591927 1.871606 3.420328 6.190894 6.550244 
0.176000 0.592341 1.872974 3.422635 6.207026 6.565024 
0.177000 0.592754 1.874339 3.424926 6.223161 6.579821 
0.178000 0.593166 1.875700 3.427201 6.239300 6.594634 
0.179000 0.593577 1.877058 3.429460 6.255442 6.609463 
0.180000 0.593988 1.878412 3.431704 6.271588 6.624308 
0.181000 0.594398 1.879762 3.433933 6.287738 6.639169 
0.182000 0.594808 1.881109 3.436147 6.303891 6.654046 
0.183000 0.595217 1.882452 3.438346 6.320048 6.668938 
0.184000 0.595625 1.883792 3.440530 6.336208 6.683845 
0.185000 0.596033 1.885129 3.442700 6.352371 6.698767 
0.186000 0.596440 1.886462 3.444855 6.368538 6.713705 
0.187000 0.596846 1.887792 3.446997 6.384708 6.728657 
0.188000 0.597252 1.889119 3.449124 6.400881 6.743624 
0.189000 0.597657 1.890442 3.451238 6.417058 6.758605 
0.190000 0.598062 1.891762 3.453338 6.433238 6.773600 
0.191000 0.598466 1.893079 3.455424 6.449421 6.788610 
0.192000 0.598870 1.894393 3.457497 6.465607 6.803633 
0.193000 0.599273 1.895703 3.459557 6.481797 6.818671 
0.194000 0.599675 1.897011 3.461603 6.497989 6.833722 
0.195000 0.600077 1.898315 3.463637 6.514185 6.848786 
0.196000 0.600478 1.899617 3.465658 6.530383 6.863864 
0.197000 0.600879 1.900915 3.467667 6.546585 6.878954 
0.198000 0.601279 1.902210 3.469663 6.562790 6.894058 
0.199000 0.601678 1.903503 3.471647 6.578997 6.909175 
0.200000 0.602077 1.904792 3.473618 6.595208 6.924304 
0.201000 0.602476 1.906079 3.475507 6.611421 6.939518 
0.202000 0.602874 1.907362 3.477525 6.627638 6.954601 
0.203000 0.603271 1.908643 3.479461 6.643857 6.969768 
0.204000 0.603668 1.909921 3.481385 6.660079 6.984947 
0.205000 0.604064 1.911196 3.483298 6.676304 7.000138 
0.206000 0.604460 1.912469 3.485199 6.692531 7.015341 
0.207000 0.604855 1.913738 3.487089 6.708762 7.030555 
0.208000 0.605250 1.915005 3.488968 6.724995 7.045782 
0.209000 0.605644 1.916269 3.490836 6.741231 7.061019 
0.210000 0.606038 1.917531 3.492693 6.757469 7.076269 
0.211000 0.606431 1.918790 3.494540 6.773710 7.091529 
0.212000 0.606824 1.920046 3.496375 6.789954 7.106801 
0.213000 0.607216 1.921300 3.498201 6.806200 7.122083 
0.214000 0.607608 1.922551 3.500015 6.822449 7.137377 
0.215000 0.607999 1.923800 3.501820 6.838700 7.152681 
0.216000 0.608390 1.925046 3.503614 6.854954 7.167996 
0.217000 0.608780 1.926289 3.505399 6.871211 7.183321 
0.218000 0.609170 1.927530 3.507173 6.887470 7.198657 
0.219000 0.609559 1.928769 3.508938 6.903731 7.214004 
0.220000 0.609947 1.930005 3.510693 6.919995 7.229360 
0.221000 0.610336 1.931239 3.512438 6.936261 7.244726 
0.222000 0.610723 1.932470 3.514174 6.952530 7.260103 
0.223000 0.611111 1.933699 3.515900 6.968801 7.275489 
0.224000 0.611498 1.934926 3.517617 6.985074 7.290885 
0.225000 0.611884 1.936150 3.519325 7.001350 7.306291 
0.226000 0.612270 1.937372 3.521024 7.017628 7.321707 
0.227000 0.612655 1.938592 3.522713 7.033908 7.337131 
0.228000 0.613040 1.939809 3.524394 7.050191 7.352566 
0.229000 0.613425 1.941024 3.526066 7.066476 7.368009 
0.230000 0.613809 1.942237 3.527729 7.082763 7.383462 
0.231000 0.614192 1.943448 3.529384 7.099052 7.398923 
0.232000 0.614576 1.944657 3.531030 7.115343 7.414394 
0.233000 0.614958 1.945863 3.532668 7.131637 7.429874 
0.234000 0.615341 1.947067 3.534297 7.147933 7.445362 
0.235000 0.615722 1.948269 3.535918 7.164231 7.460859 
0.236000 0.616104 1.949469 3.537531 7.180531 7.476365 
0.237000 0.616485 1.950667 3.539136 7.196833 7.491879 
0.238000 0.616865 1.951863 3.540733 7.213137 7.507402 
0.239000 0.617245 1.953057 3.542322 7.229443 7.522932 
0.240000 0.617625 1.954249 3.543903 7.245751 7.538472 
0.241000 0.618004 1.955438 3.545477 7.262062 7.554019 
0.242000 0.618383 1.956626 3.547042 7.278374 7.569575 
0.243000 0.618762 1.957812 3.548600 7.294688 7.585138 
0.244000 0.619140 1.958996 3.550151 7.311004 7.600709 
0.245000 0.619517 1.960177 3.551694 7.327323 7.616289 
0.246000 0.619894 1.961357 3.553230 7.343643 7.631876 
0.247000 0.620271 1.962535 3.554759 7.359965 7.647470 
0.248000 0.620647 1.963711 3.556280 7.376289 7.663073 
0.249000 0.621023 1.964885 3.557794 7.392615 7.678682 
0.250000 0.621399 1.966057 3.559301 7.408943 7.694300 
0.251000 0.621774 1.967228 3.560802 7.425272 7.709924 
0.252000 0.622149 1.968396 3.562295 7.441604 7.725556 
0.253000 0.622523 1.969563 3.563781 7.457937 7.741196 
0.254000 0.622897 1.970728 3.565261 7.474272 7.756842 
0.255000 0.623271 1.971891 3.566734 7.490609 7.772495 
0.256000 0.623644 1.973052 3.568200 7.506948 7.788156 
0.257000 0.624016 1.974212 3.569660 7.523288 7.803823 
0.258000 0.624389 1.975370 3.571114 7.539630 7.819498 
0.259000 0.624761 1.976526 3.572560 7.555974 7.835179 
0.260000 0.625132 1.977680 3.574001 7.572320 7.850867 
0.261000 0.625504 1.978832 3.575435 7.588668 7.866561 
0.262000 0.625875 1.979983 3.576863 7.605017 7.882262 
0.263000 0.626245 1.981133 3.578285 7.621367 7.897970 
0.264000 0.626615 1.982280 3.579701 7.637720 7.913684 
0.265000 0.626985 1.983426 3.581110 7.654074 7.929405 
0.266000 0.627354 1.984570 3.582514 7.670430 7.945132 
0.267000 0.627723 1.985713 3.583912 7.686787 7.960865 
0.268000 0.628092 1.986854 3.585303 7.703146 7.976605 
0.269000 0.628460 1.987993 3.586689 7.719507 7.992350 
0.270000 0.628828 1.989131 3.588070 7.735869 8.008102 
0.271000 0.629196 1.990267 3.589444 7.752233 8.023860 
0.272000 0.629563 1.991402 3.590813 7.768598 8.039624 
0.273000 0.629930 1.992535 3.592176 7.784965 8.055394 
0.274000 0.630296 1.993666 3.593534 7.801334 8.071170 
0.275000 0.630662 1.994796 3.594887 7.817704 8.086951 
0.276000 0.631028 1.995925 3.596233 7.834075 8.102739 
0.277000 0.631393 1.997052 3.597575 7.850448 8.118532 
0.278000 0.631758 1.998177 3.598911 7.866823 8.134331 
0.279000 0.632123 1.999301 3.600242 7.883199 8.150135 
0.280000 0.632487 2.000424 3.601568 7.899576 8.165945 
0.281000 0.632851 2.001545 3.602888 7.915955 8.181760 
0.282000 0.633215 2.002664 3.604204 7.932336 8.197581 
0.283000 0.633578 2.003783 3.605514 7.948717 8.213408 
0.284000 0.633941 2.004899 3.606819 7.965101 8.229239 
0.285000 0.634304 2.006015 3.608120 7.981485 8.245076 
0.286000 0.634666 2.007129 3.609415 7.997871 8.260919 
0.287000 0.635028 2.008241 3.610705 8.014259 8.276766 
0.288000 0.635390 2.009352 3.611991 8.030648 8.292619 
0.289000 0.635751 2.010462 3.613272 8.047038 8.308477 
0.290000 0.636112 2.011570 3.614548 8.063430 8.324339 
0.291000 0.636473 2.012677 3.615820 8.079823 8.340207 
0.292000 0.636833 2.013783 3.617086 8.096217 8.356080 
0.293000 0.637194 2.014888 3.618348 8.112612 8.371958 
0.294000 0.637553 2.015991 3.619606 8.129009 8.387841 
0.295000 0.637913 2.017092 3.620859 8.145408 8.403728 
0.296000 0.638272 2.018193 3.622108 8.161807 8.419621 
0.297000 0.638630 2.019292 3.623352 8.178208 8.435518 
0.298000 0.638989 2.020390 3.624592 8.194610 8.451420 
0.299000 0.639347 2.021486 3.625827 8.211014 8.467326 
0.300000 0.639705 2.022582 3.627058 8.227418 8.483237 
0.301000 0.640062 2.023676 3.628285 8.243824 8.499153 
0.302000 0.640419 2.024768 3.629507 8.260232 8.515073 
0.303000 0.640776 2.025860 3.630726 8.276640 8.530998 
0.304000 0.641133 2.026950 3.631940 8.293050 8.546927 
0.305000 0.641489 2.028039 3.633150 8.309461 8.562861 
0.306000 0.641845 2.029127 3.634356 8.325873 8.578799 
0.307000 0.642201 2.030214 3.635558 8.342286 8.594742 
0.308000 0.642556 2.031300 3.636756 8.358700 8.610688 
0.309000 0.642911 2.032384 3.637950 8.375116 8.626639 
0.310000 0.643266 2.033467 3.639140 8.391533 8.642595 
0.311000 0.643620 2.034549 3.640326 8.407951 8.658554 
0.312000 0.643974 2.035630 3.641508 8.424370 8.674518 
0.313000 0.644328 2.036710 3.642686 8.440790 8.690486 
0.314000 0.644682 2.037788 3.643861 8.457212 8.706458 
0.315000 0.645035 2.038866 3.645031 8.473634 8.722434 
0.316000 0.645388 2.039942 3.646198 8.490058 8.738414 
0.317000 0.645741 2.041017 3.647362 8.506483 8.754398 
0.318000 0.646093 2.042091 3.648521 8.522909 8.770385 
0.319000 0.646445 2.043164 3.649678 8.539336 8.786377 
0.320000 0.646797 2.044236 3.650830 8.555764 8.802373 
0.321000 0.647148 2.045307 3.651979 8.572193 8.818373 
0.322000 0.647500 2.046376 3.653124 8.588624 8.834376 
0.323000 0.647851 2.047445 3.654266 8.605055 8.850383 
0.324000 0.648201 2.048513 3.655404 8.621487 8.866394 
0.325000 0.648552 2.049579 3.656539 8.637921 8.882409 
0.326000 0.648902 2.050644 3.657671 8.654356 8.898428 
0.327000 0.649252 2.051709 3.658799 8.670791 8.914450 
0.328000 0.649601 2.052772 3.659923 8.687228 8.930475 
0.329000 0.649950 2.053835 3.661045 8.703665 8.946505 
0.330000 0.650299 2.054896 3.662163 8.720104 8.962538 
0.331000 0.650648 2.055956 3.663278 8.736544 8.978574 
0.332000 0.650997 2.057016 3.664389 8.752984 8.994614 
0.333000 0.651345 2.058074 3.665498 8.769426 9.010658 
0.334000 0.651693 2.059131 3.666603 8.785869 9.026705 
0.335000 0.652040 2.060187 3.667705 8.802313 9.042755 
0.336000 0.652388 2.061243 3.668804 8.818757 9.058809 
0.337000 0.652735 2.062297 3.669899 8.835203 9.074866 
0.338000 0.653081 2.063351 3.670992 8.851649 9.090926 
0.339000 0.653428 2.064403 3.672082 8.868097 9.106990 
0.340000 0.653774 2.065455 3.673168 8.884545 9.123057 
0.341000 0.654120 2.066505 3.674252 8.900995 9.139128 
0.342000 0.654466 2.067555 3.675332 8.917445 9.155201 
0.343000 0.654812 2.068603 3.676410 8.933897 9.171278 
0.344000 0.655157 2.069651 3.677485 8.950349 9.187358 
0.345000 0.655502 2.070698 3.678557 8.966802 9.203442 
0.346000 0.655846 2.071744 3.679626 8.983256 9.219528 
0.347000 0.656191 2.072789 3.680692 8.999711 9.235617 
0.348000 0.656535 2.073833 3.681755 9.016167 9.251710 
0.349000 0.656879 2.074876 3.682815 9.032624 9.267806 
0.350000 0.657223 2.075919 3.683873 9.049081 9.283904 
0.351000 0.657566 2.076960 3.684928 9.065540 9.300006 
0.352000 0.657909 2.078001 3.685980 9.081999 9.316111 
0.353000 0.658252 2.079040 3.687030 9.098460 9.332218 
0.354000 0.658595 2.080079 3.688076 9.114921 9.348329 
0.355000 0.658937 2.081117 3.689120 9.131383 9.364442 
0.356000 0.659279 2.082154 3.690162 9.147846 9.380559 
0.357000 0.659621 2.083190 3.691201 9.164310 9.396678 
0.358000 0.659963 2.084226 3.692237 9.180774 9.412800 
0.359000 0.660304 2.085260 3.693270 9.197240 9.428925 
0.360000 0.660646 2.086294 3.694301 9.213706 9.445053 
0.361000 0.660987 2.087327 3.695330 9.230173 9.461184 
0.362000 0.661327 2.088359 3.696356 9.246641 9.477317 
0.363000 0.661668 2.089390 3.697379 9.263110 9.493453 
0.364000 0.662008 2.090421 3.698400 9.279579 9.509592 
0.365000 0.662348 2.091450 3.699419 9.296050 9.525733 
0.366000 0.662687 2.092479 3.700435 9.312521 9.541878 
0.367000 0.663027 2.093507 3.701449 9.328993 9.558024 
0.368000 0.663366 2.094535 3.702460 9.345465 9.574174 
0.369000 0.663705 2.095561 3.703469 9.361939 9.590326 
0.370000 0.664044 2.096587 3.704475 9.378413 9.606481 
0.371000 0.664382 2.097612 3.705479 9.394888 9.622638 
0.372000 0.664721 2.098636 3.706481 9.411364 9.638798 
0.373000 0.665059 2.099659 3.707481 9.427841 9.654960 
0.374000 0.665396 2.100682 3.708478 9.444318 9.671125 
0.375000 0.665734 2.101703 3.709473 9.460797 9.687293 
0.376000 0.666071 2.102725 3.710466 9.477275 9.703463 
0.377000 0.666408 2.103745 3.711456 9.493755 9.719635 
0.378000 0.666745 2.104765 3.712444 9.510235 9.735810 
0.379000 0.667082 2.105783 3.713430 9.526717 9.751988 
0.380000 0.667418 2.106802 3.714414 9.543198 9.768167 
0.381000 0.667755 2.107819 3.715396 9.559681 9.784349 
0.382000 0.668090 2.108836 3.716376 9.576164 9.800534 
0.383000 0.668426 2.109852 3.717353 9.592648 9.816721 
0.384000 0.668762 2.110867 3.718328 9.609133 9.832910 
0.385000 0.669097 2.111881 3.719302 9.625619 9.849102 
0.386000 0.669432 2.112895 3.720273 9.642105 9.865295 
0.387000 0.669767 2.113908 3.721242 9.658592 9.881492 
0.388000 0.670101 2.114921 3.722209 9.675079 9.897690 
0.389000 0.670436 2.115932 3.723174 9.691568 9.913891 
0.390000 0.670770 2.116943 3.724137 9.708057 9.930094 
0.391000 0.671104 2.117954 3.725097 9.724546 9.946299 
0.392000 0.671437 2.118963 3.726056 9.741037 9.962506 
0.393000 0.671771 2.119972 3.727013 9.757528 9.978716 
0.394000 0.672104 2.120981 3.727968 9.774019 9.994927 
0.395000 0.672437 2.121988 3.728921 9.790512 10.011141 
0.396000 0.672770 2.122995 3.729873 9.807005 10.027357 
0.397000 0.673103 2.124002 3.730822 9.823498 10.043576 
0.398000 0.673435 2.125007 3.731769 9.839993 10.059796 
0.399000 0.673767 2.126012 3.732715 9.856488 10.076018 
0.400000 0.674099 2.127017 3.733658 9.872983 10.092243 
0.401000 0.674431 2.128020 3.734600 9.889480 10.108469 
0.402000 0.674762 2.129023 3.735540 9.905977 10.124698 
0.403000 0.675094 2.130026 3.736478 9.922474 10.140929 
0.404000 0.675425 2.131028 3.737414 9.938972 10.157161 
0.405000 0.675755 2.132029 3.738348 9.955471 10.173396 
0.406000 0.676086 2.133029 3.739281 9.971971 10.189633 
0.407000 0.676417 2.134029 3.740212 9.988471 10.205872 
0.408000 0.676747 2.135029 3.741141 10.004971 10.222112 
0.409000 0.677077 2.136027 3.742068 10.021473 10.238355 
0.410000 0.677407 2.137025 3.742994 10.037975 10.254600 
0.411000 0.677736 2.138023 3.743918 10.054477 10.270846 
0.412000 0.678066 2.139020 3.744840 10.070980 10.287095 
0.413000 0.678395 2.140016 3.745760 10.087484 10.303345 
0.414000 0.678724 2.141012 3.746679 10.103988 10.319597 
0.415000 0.679052 2.142007 3.747596 10.120493 10.335851 
0.416000 0.679381 2.143001 3.748512 10.136999 10.352107 
0.417000 0.679709 2.143995 3.749425 10.153505 10.368365 
0.418000 0.680038 2.144988 3.750338 10.170012 10.384625 
0.419000 0.680365 2.145981 3.751248 10.186519 10.400887 
0.420000 0.680693 2.146973 3.752157 10.203027 10.417150 
0.421000 0.681021 2.147965 3.753064 10.219535 10.433415 
0.422000 0.681348 2.148956 3.753970 10.236044 10.449682 
0.423000 0.681675 2.149946 3.754874 10.252554 10.465951 
0.424000 0.682002 2.150936 3.755777 10.269064 10.482221 
0.425000 0.682329 2.151925 3.756678 10.285575 10.498493 
0.426000 0.682655 2.152914 3.757577 10.302086 10.514767 
0.427000 0.682982 2.153902 3.758475 10.318598 10.531043 
0.428000 0.683308 2.154890 3.759372 10.335110 10.547321 
0.429000 0.683634 2.155877 3.760267 10.351623 10.563600 
0.430000 0.683959 2.156864 3.761160 10.368136 10.579881 
0.431000 0.684285 2.157850 3.762052 10.384650 10.596163 
0.432000 0.684610 2.158835 3.762942 10.401165 10.612448 
0.433000 0.684935 2.159820 3.763831 10.417680 10.628733 
0.434000 0.685260 2.160804 3.764719 10.434196 10.645021 
0.435000 0.685585 2.161788 3.765605 10.450712 10.661310 
0.436000 0.685909 2.162772 3.766490 10.467228 10.677601 
0.437000 0.686234 2.163755 3.767373 10.483745 10.693893 
0.438000 0.686558 2.164737 3.768255 10.500263 10.710188 
0.439000 0.686882 2.165719 3.769135 10.516781 10.726483 
0.440000 0.687206 2.166700 3.770014 10.533300 10.742780 
0.441000 0.687529 2.167681 3.770892 10.549819 10.759079 
0.442000 0.687853 2.168661 3.771768 10.566339 10.775380 
0.443000 0.688176 2.169641 3.772643 10.582859 10.791682 
0.444000 0.688499 2.170620 3.773516 10.599380 10.807985 
0.445000 0.688821 2.171599 3.774388 10.615901 10.824290 
0.446000 0.689144 2.172577 3.775259 10.632423 10.840597 
0.447000 0.689466 2.173555 3.776129 10.648945 10.856905 
0.448000 0.689789 2.174532 3.776997 10.665468 10.873215 
0.449000 0.690111 2.175509 3.777864 10.681991 10.889526 
0.450000 0.690433 2.176485 3.778729 10.698515 10.905838 
0.451000 0.690754 2.177461 3.779594 10.715039 10.922152 
0.452000 0.691076 2.178436 3.780457 10.731564 10.938468 
0.453000 0.691397 2.179411 3.781318 10.748089 10.954785 
0.454000 0.691718 2.180385 3.782179 10.764615 10.971103 
0.455000 0.692039 2.181359 3.783038 10.781141 10.987423 
0.456000 0.692360 2.182332 3.783896 10.797668 11.003745 
0.457000 0.692680 2.183305 3.784752 10.814195 11.020067 
0.458000 0.692999 2.184278 3.785431 10.830722 11.036570 
0.459000 0.693321 2.185250 3.786462 10.847250 11.052717 
0.460000 0.693641 2.186221 3.787315 10.863779 11.069044 
0.461000 0.693960 2.187192 3.788167 10.880308 11.085373 
0.462000 0.694280 2.188163 3.789018 10.896837 11.101702 
0.463000 0.694599 2.189133 3.789867 10.913367 11.118034 
0.464000 0.694919 2.190103 3.790715 10.929897 11.134366 
0.465000 0.695238 2.191072 3.791562 10.946428 11.150700 
0.466000 0.695556 2.192041 3.792408 10.962959 11.167035 
0.467000 0.695875 2.193009 3.793253 10.979491 11.183372 
0.468000 0.696194 2.193977 3.794097 10.996023 11.199710 
0.469000 0.696512 2.194945 3.794939 11.012555 11.216049 
0.470000 0.696830 2.195912 3.795781 11.029088 11.232389 
0.471000 0.697148 2.196879 3.796621 11.045621 11.248731 
0.472000 0.697466 2.197845 3.797460 11.062155 11.265074 
0.473000 0.697783 2.198811 3.798298 11.078689 11.281419 
0.474000 0.698101 2.199776 3.799135 11.095224 11.297764 
0.475000 0.698418 2.200741 3.799970 11.111759 11.314111 
0.476000 0.698735 2.201705 3.800805 11.128295 11.330460 
0.477000 0.699052 2.202669 3.801639 11.144831 11.346809 
0.478000 0.699369 2.203633 3.802471 11.161367 11.363160 
0.479000 0.699685 2.204596 3.803303 11.177904 11.379512 
0.480000 0.700002 2.205559 3.804133 11.194441 11.395865 
0.481000 0.700318 2.206521 3.804963 11.210979 11.412220 
0.482000 0.700634 2.207483 3.805791 11.227517 11.428575 
0.483000 0.700950 2.208445 3.806618 11.244055 11.444932 
0.484000 0.701265 2.209406 3.807444 11.260594 11.461290 
0.485000 0.701581 2.210367 3.808270 11.277133 11.477650 
0.486000 0.701896 2.211327 3.809094 11.293673 11.494010 
0.487000 0.702211 2.212287 3.809917 11.310213 11.510372 
0.488000 0.702526 2.213247 3.810739 11.326753 11.526735 
0.489000 0.702839 2.214206 3.811374 11.343294 11.543287 
0.490000 0.703156 2.215165 3.812380 11.359835 11.559464 
0.491000 0.703470 2.216123 3.813200 11.376377 11.575830 
0.492000 0.703784 2.217081 3.814018 11.392919 11.592198 
0.493000 0.704099 2.218039 3.814835 11.409461 11.608566 
0.494000 0.704412 2.218996 3.815651 11.426004 11.624936 
0.495000 0.704726 2.219953 3.816467 11.442547 11.641307 
0.496000 0.705040 2.220909 3.817281 11.459091 11.657679 
0.497000 0.705353 2.221865 3.818094 11.475635 11.674052 
0.498000 0.705666 2.222821 3.818907 11.492179 11.690427 
0.499000 0.705980 2.223776 3.819718 11.508724 11.706802 
0.500000 0.706292 2.224731 3.820529 11.525269 11.723179 
0.501000 0.706605 2.225686 3.821339 11.541814 11.739556 
0.502000 0.706918 2.226640 3.822147 11.558360 11.755935 
0.503000 0.707230 2.227594 3.822955 11.574906 11.772314 
0.504000 0.707542 2.228547 3.823762 11.591453 11.788695 
0.505000 0.707855 2.229500 3.824568 11.608000 11.805077 
0.506000 0.708166 2.230453 3.825373 11.624547 11.821460 
0.507000 0.708478 2.231405 3.826178 11.641095 11.837844 
0.508000 0.708790 2.232357 3.826981 11.657643 11.854229 
0.509000 0.709101 2.233309 3.827784 11.674191 11.870615 
0.510000 0.709412 2.234260 3.828585 11.690740 11.887002 
0.511000 0.709723 2.235211 3.829386 11.707289 11.903391 
0.512000 0.710034 2.236162 3.830186 11.723838 11.919780 
0.513000 0.710345 2.237112 3.830985 11.740388 11.936170 
0.514000 0.710656 2.238062 3.831783 11.756938 11.952561 
0.515000 0.710966 2.239012 3.832581 11.773488 11.968953 
0.516000 0.711276 2.239961 3.833377 11.790039 11.985347 
0.517000 0.711586 2.240910 3.834173 11.806590 12.001741 
0.518000 0.711896 2.241858 3.834968 11.823142 12.018136 
0.519000 0.712206 2.242806 3.835762 11.839694 12.034532 
0.520000 0.712516 2.243754 3.836555 11.856246 12.050929 
0.521000 0.712825 2.244702 3.837347 11.872798 12.067328 
0.522000 0.713134 2.245649 3.838139 11.889351 12.083727 
0.523000 0.713443 2.246596 3.838930 11.905904 12.100127 
0.524000 0.713752 2.247542 3.839720 11.922458 12.116528 
0.525000 0.714061 2.248488 3.840509 11.939012 12.132930 
0.526000 0.714370 2.249434 3.841297 11.955566 12.149333 
0.527000 0.714678 2.250379 3.842085 11.972121 12.165737 
0.528000 0.714987 2.251325 3.842872 11.988675 12.182141 
0.529000 0.715295 2.252269 3.843658 12.005231 12.198547 
0.530000 0.715603 2.253214 3.844443 12.021786 12.214954 
0.531000 0.715911 2.254158 3.845228 12.038342 12.231361 
0.532000 0.716218 2.255102 3.846012 12.054898 12.247770 
0.533000 0.716526 2.256046 3.846795 12.071454 12.264179 
0.534000 0.716833 2.256989 3.847577 12.088011 12.280590 
0.535000 0.717140 2.257932 3.848359 12.104568 12.297001 
0.536000 0.717447 2.258874 3.849140 12.121126 12.313413 
0.537000 0.717754 2.259817 3.849920 12.137683 12.329826 
0.538000 0.718061 2.260759 3.850699 12.154241 12.346240 
0.539000 0.718368 2.261700 3.851478 12.170800 12.362655 
0.540000 0.718674 2.262642 3.852256 12.187358 12.379070 
0.541000 0.718980 2.263583 3.853033 12.203917 12.395487 
0.542000 0.719286 2.264524 3.853809 12.220476 12.411904 
0.543000 0.719592 2.265464 3.854585 12.237036 12.428323 
0.544000 0.719898 2.266404 3.855360 12.253596 12.444742 
0.545000 0.720204 2.267344 3.856135 12.270156 12.461162 
0.546000 0.720509 2.268283 3.856908 12.286717 12.477583 
0.547000 0.720814 2.269223 3.857681 12.303277 12.494004 
0.548000 0.721120 2.270162 3.858454 12.319838 12.510427 
0.549000 0.721425 2.271100 3.859225 12.336400 12.526850 
0.550000 0.721729 2.272039 3.859996 12.352961 12.543274 
0.551000 0.722034 2.272977 3.860766 12.369523 12.559699 
0.552000 0.722339 2.273915 3.861536 12.386085 12.576125 
0.553000 0.722643 2.274852 3.862305 12.402648 12.592552 
0.554000 0.722947 2.275789 3.863073 12.419211 12.608979 
0.555000 0.723251 2.276726 3.863841 12.435774 12.625408 
0.556000 0.723555 2.277663 3.864608 12.452337 12.641837 
0.557000 0.723859 2.278599 3.865374 12.468901 12.658267 
0.558000 0.724163 2.279535 3.866140 12.485465 12.674697 
0.559000 0.724466 2.280471 3.866905 12.502029 12.691129 
0.560000 0.724770 2.281406 3.867669 12.518594 12.707561 
0.561000 0.725073 2.282342 3.868433 12.535158 12.723994 
0.562000 0.725376 2.283277 3.869196 12.551723 12.740428 
0.563000 0.725679 2.284211 3.869959 12.568289 12.756862 
0.564000 0.725981 2.285146 3.870721 12.584854 12.773298 
0.565000 0.726284 2.286080 3.871482 12.601420 12.789734 
0.566000 0.726586 2.287014 3.872243 12.617986 12.806171 
0.567000 0.726889 2.287947 3.873003 12.634553 12.822609 
0.568000 0.727191 2.288880 3.873762 12.651120 12.839047 
0.569000 0.727493 2.289813 3.874521 12.667687 12.855486 
0.570000 0.727795 2.290746 3.875279 12.684254 12.871926 
0.571000 0.728096 2.291679 3.876037 12.700821 12.888367 
0.572000 0.728398 2.292611 3.876794 12.717389 12.904808 
0.573000 0.728699 2.293543 3.877550 12.733957 12.921250 
0.574000 0.729000 2.294475 3.878306 12.750525 12.937693 
0.575000 0.729302 2.295406 3.879062 12.767094 12.954137 
0.576000 0.729603 2.296337 3.879816 12.783663 12.970581 
0.577000 0.729903 2.297268 3.880570 12.800232 12.987026 
0.578000 0.730204 2.298199 3.881324 12.816801 13.003472 
0.579000 0.730504 2.299129 3.882077 12.833371 13.019918 
0.580000 0.730802 2.300059 3.882616 12.849941 13.036582 
0.581000 0.731105 2.300989 3.883581 12.866511 13.052814 
0.582000 0.731405 2.301919 3.884333 12.883081 13.069262 
0.583000 0.731705 2.302848 3.885084 12.899652 13.085712 
0.584000 0.732005 2.303777 3.885834 12.916223 13.102162 
0.585000 0.732304 2.304706 3.886583 12.932794 13.118612 
0.586000 0.732604 2.305635 3.887333 12.949365 13.135064 
0.587000 0.732903 2.306563 3.888081 12.965937 13.151516 
0.588000 0.733202 2.307491 3.888829 12.982509 13.167968 
0.589000 0.733501 2.308419 3.889577 12.999081 13.184422 
0.590000 0.733800 2.309347 3.890324 13.015653 13.200876 
0.591000 0.734099 2.310274 3.891070 13.032226 13.217331 
0.592000 0.734398 2.311201 3.891816 13.048799 13.233786 
0.593000 0.734696 2.312128 3.892561 13.065372 13.250242 
0.594000 0.734994 2.313055 3.893306 13.081945 13.266699 
0.595000 0.735293 2.313981 3.894051 13.098519 13.283157 
0.596000 0.735591 2.314907 3.894795 13.115093 13.299615 
0.597000 0.735889 2.315833 3.895538 13.131667 13.316074 
0.598000 0.736186 2.316759 3.896281 13.148241 13.332533 
0.599000 0.736484 2.317685 3.897023 13.164815 13.348993 
0.600000 0.736781 2.318610 3.897765 13.181390 13.365454 
0.601000 0.737079 2.319535 3.898506 13.197965 13.381915 
0.602000 0.737376 2.320460 3.899247 13.214540 13.398377 
0.603000 0.737673 2.321384 3.899987 13.231116 13.414840 
0.604000 0.737970 2.322308 3.900727 13.247692 13.431303 
0.605000 0.738267 2.323232 3.901467 13.264268 13.447767 
0.606000 0.738563 2.324156 3.902206 13.280844 13.464231 
0.607000 0.738860 2.325080 3.902944 13.297420 13.480696 
0.608000 0.739156 2.326003 3.903682 13.313997 13.497162 
0.609000 0.739452 2.326926 3.904419 13.330574 13.513628 
0.610000 0.739748 2.327849 3.905156 13.347151 13.530095 
0.611000 0.740044 2.328772 3.905893 13.363728 13.546563 
0.612000 0.740340 2.329695 3.906629 13.380305 13.563031 
0.613000 0.740636 2.330617 3.907364 13.396883 13.579500 
0.614000 0.740931 2.331539 3.908099 13.413461 13.595969 
0.615000 0.741226 2.332461 3.908834 13.430039 13.612439 
0.616000 0.741522 2.333382 3.909568 13.446618 13.628910 
0.617000 0.741817 2.334304 3.910302 13.463196 13.645381 
0.618000 0.742112 2.335225 3.911035 13.479775 13.661853 
0.619000 0.742406 2.336146 3.911768 13.496354 13.678325 
0.620000 0.742701 2.337067 3.912501 13.512933 13.694798 
0.621000 0.742996 2.337987 3.913233 13.529513 13.711272 
0.622000 0.743287 2.338907 3.913738 13.546093 13.727975 
0.623000 0.743584 2.339827 3.914695 13.562673 13.744221 
0.624000 0.743878 2.340747 3.915426 13.579253 13.760696 
0.625000 0.744172 2.341667 3.916156 13.595833 13.777172 
0.626000 0.744466 2.342587 3.916886 13.612413 13.793648 
0.627000 0.744760 2.343506 3.917615 13.628994 13.810125 
0.628000 0.745053 2.344425 3.918344 13.645575 13.826602 
0.629000 0.745347 2.345344 3.919073 13.662156 13.843081 
0.630000 0.745640 2.346262 3.919801 13.678738 13.859559 
0.631000 0.745933 2.347181 3.920528 13.695319 13.876038 
0.632000 0.746226 2.348099 3.921256 13.711901 13.892518 
0.633000 0.746519 2.349017 3.921982 13.728483 13.908998 
0.634000 0.746812 2.349935 3.922709 13.745065 13.925479 
0.635000 0.747105 2.350852 3.923435 13.761648 13.941961 
0.636000 0.747397 2.351770 3.924160 13.778230 13.958443 
0.637000 0.747689 2.352687 3.924886 13.794813 13.974925 
0.638000 0.747982 2.353604 3.925610 13.811396 13.991408 
0.639000 0.748274 2.354521 3.926335 13.827979 14.007892 
0.640000 0.748566 2.355437 3.927059 13.844563 14.024376 
0.641000 0.748857 2.356354 3.927782 13.861146 14.040860 
0.642000 0.749149 2.357270 3.928506 13.877730 14.057345 
0.643000 0.749441 2.358186 3.929228 13.894314 14.073831 
0.644000 0.749732 2.359102 3.929951 13.910898 14.090317 
0.645000 0.750023 2.360017 3.930673 13.927483 14.106804 
0.646000 0.750314 2.360933 3.931395 13.944067 14.123291 
0.647000 0.750605 2.361848 3.932116 13.960652 14.139779 
0.648000 0.750896 2.362763 3.932837 13.977237 14.156267 
0.649000 0.751187 2.363678 3.933557 13.993822 14.172756 
0.650000 0.751478 2.364593 3.934277 14.010407 14.189245 
0.651000 0.751768 2.365507 3.934997 14.026993 14.205735 
0.652000 0.752058 2.366421 3.935717 14.043579 14.222225 
0.653000 0.752349 2.367336 3.936436 14.060164 14.238716 
0.654000 0.752639 2.368249 3.937154 14.076751 14.255207 
0.655000 0.752929 2.369163 3.937873 14.093337 14.271699 
0.656000 0.753218 2.370077 3.938591 14.109923 14.288191 
0.657000 0.753508 2.370990 3.939308 14.126510 14.304684 
0.658000 0.753798 2.371903 3.940025 14.143097 14.321177 
0.659000 0.754087 2.372816 3.940742 14.159684 14.337671 
0.660000 0.754376 2.373729 3.941459 14.176271 14.354165 
0.661000 0.754665 2.374642 3.942175 14.192858 14.370660 
0.662000 0.754954 2.375554 3.942891 14.209446 14.387155 
0.663000 0.755243 2.376466 3.943606 14.226034 14.403650 
0.664000 0.755532 2.377378 3.944321 14.242622 14.420147 
0.665000 0.755817 2.378290 3.944798 14.259210 14.436885 
0.666000 0.756109 2.379202 3.945751 14.275798 14.453140 
0.667000 0.756397 2.380113 3.946465 14.292387 14.469638 
0.668000 0.756686 2.381025 3.947178 14.308975 14.486136 
0.669000 0.756974 2.381936 3.947892 14.325564 14.502634 
0.670000 0.757262 2.382847 3.948605 14.342153 14.519133 
0.671000 0.757550 2.383758 3.949318 14.358742 14.535633 
0.672000 0.757837 2.384668 3.950030 14.375332 14.552133 
0.673000 0.758125 2.385579 3.950742 14.391921 14.568633 
0.674000 0.758412 2.386489 3.951454 14.408511 14.585134 
0.675000 0.758700 2.387399 3.952165 14.425101 14.601635 
0.676000 0.758987 2.388309 3.952877 14.441691 14.618137 
0.677000 0.759274 2.389219 3.953587 14.458281 14.634639 
0.678000 0.759561 2.390129 3.954298 14.474871 14.651141 
0.679000 0.759848 2.391038 3.955008 14.491462 14.667644 
0.680000 0.760134 2.391948 3.955718 14.508052 14.684148 
0.681000 0.760421 2.392857 3.956427 14.524643 14.700652 
0.682000 0.760707 2.393766 3.957137 14.541234 14.717156 
0.683000 0.760994 2.394674 3.957845 14.557826 14.733661 
0.684000 0.761280 2.395583 3.958554 14.574417 14.750166 
0.685000 0.761566 2.396491 3.959262 14.591009 14.766672 
0.686000 0.761852 2.397400 3.959970 14.607600 14.783178 
0.687000 0.762137 2.398308 3.960678 14.624192 14.799685 
0.688000 0.762423 2.399216 3.961385 14.640784 14.816192 
0.689000 0.762709 2.400124 3.962092 14.657376 14.832699 
0.690000 0.762994 2.401031 3.962799 14.673969 14.849207 
0.691000 0.763279 2.401939 3.963506 14.690561 14.865715 
0.692000 0.763564 2.402846 3.964212 14.707154 14.882224 
0.693000 0.763849 2.403753 3.964918 14.723747 14.898733 
0.694000 0.764134 2.404660 3.965623 14.740340 14.915242 
0.695000 0.764419 2.405567 3.966329 14.756933 14.931752 
0.696000 0.764704 2.406473 3.967034 14.773527 14.948263 
0.697000 0.764988 2.407380 3.967738 14.790120 14.964773 
0.698000 0.765273 2.408286 3.968443 14.806714 14.981285 
0.699000 0.765557 2.409193 3.969147 14.823307 14.997796 
0.700000 0.765841 2.410099 3.969851 14.839901 15.014308 
0.701000 0.766125 2.411004 3.970554 14.856496 15.030820 
0.702000 0.766409 2.411910 3.971258 14.873090 15.047333 
0.703000 0.766693 2.412816 3.971961 14.889684 15.063846 
0.704000 0.766976 2.413721 3.972664 14.906279 15.080360 
0.705000 0.767256 2.414626 3.973117 14.922874 15.097127 
0.706000 0.767543 2.415531 3.974068 14.939469 15.113388 
0.707000 0.767827 2.416436 3.974770 14.956064 15.129903 
0.708000 0.768110 2.417341 3.975472 14.972659 15.146418 
0.709000 0.768393 2.418246 3.976173 14.989254 15.162934 
0.710000 0.768672 2.419150 3.976624 15.005850 15.179704 
0.711000 0.768958 2.420055 3.977575 15.022445 15.195966 
0.712000 0.769241 2.420959 3.978276 15.039041 15.212483 
0.713000 0.769524 2.421863 3.978976 15.055637 15.229000 
0.714000 0.769806 2.422767 3.979676 15.072233 15.245518 
0.715000 0.770088 2.423671 3.980376 15.088829 15.262036 
0.716000 0.770370 2.424574 3.981076 15.105426 15.278554 
0.717000 0.770652 2.425478 3.981775 15.122022 15.295073 
0.718000 0.770934 2.426381 3.982474 15.138619 15.311592 
0.719000 0.771216 2.427284 3.983173 15.155216 15.328111 
0.720000 0.771498 2.428187 3.983871 15.171813 15.344631 
0.721000 0.771779 2.429090 3.984570 15.188410 15.361151 
0.722000 0.772061 2.429993 3.985268 15.205007 15.377672 
0.723000 0.772342 2.430895 3.985966 15.221605 15.394192 
0.724000 0.772623 2.431798 3.986663 15.238202 15.410714 
0.725000 0.772904 2.432700 3.987360 15.254800 15.427235 
0.726000 0.773185 2.433602 3.988058 15.271398 15.443757 
0.727000 0.773466 2.434504 3.988754 15.287996 15.460280 
0.728000 0.773742 2.435406 3.989196 15.304594 15.477062 
0.729000 0.774023 2.436308 3.989892 15.321192 15.493585 
0.730000 0.774303 2.437209 3.990588 15.337791 15.510109 
0.731000 0.774584 2.438111 3.991284 15.354389 15.526633 
0.732000 0.774864 2.439012 3.991979 15.370988 15.543157 
0.733000 0.775144 2.439913 3.992674 15.387587 15.559682 
0.734000 0.775424 2.440814 3.993369 15.404186 15.576207 
0.735000 0.775704 2.441715 3.994064 15.420785 15.592733 
0.736000 0.775983 2.442616 3.994758 15.437384 15.609259 
0.737000 0.776263 2.443517 3.995452 15.453983 15.625785 
0.738000 0.776542 2.444417 3.996146 15.470583 15.642312 
0.739000 0.776822 2.445317 3.996840 15.487183 15.658838 
0.740000 0.777101 2.446218 3.997533 15.503782 15.675366 
0.741000 0.777380 2.447118 3.998227 15.520382 15.691893 
0.742000 0.777659 2.448018 3.998920 15.536982 15.708421 
0.743000 0.777938 2.448917 3.999613 15.553583 15.724950 
0.744000 0.778216 2.449817 4.000305 15.570183 15.741478 
0.745000 0.778495 2.450717 4.000998 15.586783 15.758007 
0.746000 0.778774 2.451616 4.001690 15.603384 15.774537 
0.747000 0.779052 2.452515 4.002382 15.619985 15.791066 
0.748000 0.779330 2.453414 4.003074 15.636586 15.807596 
0.749000 0.779608 2.454313 4.003765 15.653187 15.824126 
0.750000 0.779886 2.455212 4.004457 15.669788 15.840657 
0.751000 0.780164 2.456111 4.005148 15.686389 15.857188 
0.752000 0.780442 2.457010 4.005839 15.702990 15.873719 
0.753000 0.780720 2.457908 4.006529 15.719592 15.890251 
0.754000 0.780997 2.458807 4.007220 15.736193 15.906783 
0.755000 0.781275 2.459705 4.007910 15.752795 15.923315 
0.756000 0.781552 2.460603 4.008600 15.769397 15.939848 
0.757000 0.781829 2.461501 4.009290 15.785999 15.956381 
0.758000 0.782106 2.462399 4.009980 15.802601 15.972914 
0.759000 0.782383 2.463297 4.010669 15.819203 15.989448 
0.760000 0.782660 2.464194 4.011359 15.835806 16.005982 
0.761000 0.782937 2.465092 4.012048 15.852408 16.022516 
0.762000 0.783213 2.465989 4.012736 15.869011 16.039050 
0.763000 0.783490 2.466886 4.013425 15.885614 16.055585 
0.764000 0.783766 2.467783 4.014114 15.902217 16.072120 
0.765000 0.784042 2.468680 4.014802 15.918820 16.088656 
0.766000 0.784318 2.469577 4.015490 15.935423 16.105192 
0.767000 0.784594 2.470474 4.016178 15.952026 16.121728 
0.768000 0.784870 2.471371 4.016866 15.968629 16.138264 
0.769000 0.785146 2.472267 4.017553 15.985233 16.154801 
0.770000 0.785422 2.473163 4.018240 16.001837 16.171338 
0.771000 0.785697 2.474060 4.018928 16.018440 16.187875 
0.772000 0.785973 2.474956 4.019615 16.035044 16.204413 
0.773000 0.786248 2.475852 4.020301 16.051648 16.220951 
0.774000 0.786523 2.476748 4.020988 16.068252 16.237489 
0.775000 0.786798 2.477643 4.021674 16.084857 16.254028 
0.776000 0.787073 2.478539 4.022360 16.101461 16.270566 
0.777000 0.787348 2.479435 4.023047 16.118065 16.287106 
0.778000 0.787623 2.480330 4.023732 16.134670 16.303645 
0.779000 0.787897 2.481225 4.024418 16.151275 16.320185 
0.780000 0.788172 2.482120 4.025104 16.167880 16.336725 
0.781000 0.788446 2.483016 4.025789 16.184484 16.353265 
0.782000 0.788720 2.483910 4.026474 16.201090 16.369806 
0.783000 0.788994 2.484805 4.027159 16.217695 16.386347 
0.784000 0.789268 2.485700 4.027844 16.234300 16.402888 
0.785000 0.789542 2.486595 4.028528 16.250905 16.419429 
0.786000 0.789816 2.487489 4.029213 16.267511 16.435971 
0.787000 0.790090 2.488383 4.029897 16.284117 16.452513 
0.788000 0.790363 2.489278 4.030581 16.300722 16.469056 
0.789000 0.790637 2.490172 4.031265 16.317328 16.485598 
0.790000 0.790910 2.491066 4.031949 16.333934 16.502141 
0.791000 0.791183 2.491960 4.032632 16.350540 16.518684 
0.792000 0.791456 2.492854 4.033316 16.367146 16.535228 
0.793000 0.791729 2.493747 4.033999 16.383753 16.551772 
0.794000 0.792002 2.494641 4.034682 16.400359 16.568316 
0.795000 0.792275 2.495534 4.035365 16.416966 16.584860 
0.796000 0.792548 2.496428 4.036048 16.433572 16.601405 
0.797000 0.792820 2.497321 4.036730 16.450179 16.617950 
0.798000 0.793093 2.498214 4.037413 16.466786 16.634495 
0.799000 0.793365 2.499107 4.038095 16.483393 16.651040 
0.800000 0.793637 2.500000 4.038777 16.500000 16.667586 
0.801000 0.793909 2.500893 4.039459 16.516607 16.684132 
0.802000 0.794181 2.501785 4.040141 16.533215 16.700678 
0.803000 0.794453 2.502678 4.040822 16.549822 16.717225 
0.804000 0.794725 2.503571 4.041504 16.566429 16.733772 
0.805000 0.794996 2.504463 4.042185 16.583037 16.750319 
0.806000 0.795268 2.505355 4.042866 16.599645 16.766866 
0.807000 0.795539 2.506247 4.043547 16.616253 16.783414 
0.808000 0.795810 2.507139 4.044228 16.632861 16.799961 
0.809000 0.796082 2.508031 4.044909 16.649469 16.816510 
0.810000 0.796353 2.508923 4.045589 16.666077 16.833058 
0.811000 0.796624 2.509815 4.046270 16.682685 16.849607 
0.812000 0.796894 2.510707 4.046950 16.699293 16.866156 
0.813000 0.797165 2.511598 4.047630 16.715902 16.882705 
0.814000 0.797436 2.512489 4.048310 16.732511 16.899254 
0.815000 0.797706 2.513381 4.048990 16.749119 16.915804 
0.816000 0.797977 2.514272 4.049670 16.765728 16.932354 
0.817000 0.798247 2.515163 4.050349 16.782337 16.948904 
0.818000 0.798517 2.516054 4.051028 16.798946 16.965455 
0.819000 0.798787 2.516945 4.051708 16.815555 16.982005 
0.820000 0.799057 2.517836 4.052387 16.832164 16.998556 
0.821000 0.799327 2.518726 4.053066 16.848774 17.015108 
0.822000 0.799596 2.519617 4.053744 16.865383 17.031659 
0.823000 0.799866 2.520508 4.054423 16.881992 17.048211 
0.824000 0.800135 2.521398 4.055102 16.898602 17.064763 
0.825000 0.800405 2.522288 4.055780 16.915212 17.081315 
0.826000 0.800674 2.523178 4.056458 16.931822 17.097868 
0.827000 0.800943 2.524068 4.057136 16.948432 17.114420 
0.828000 0.801212 2.524958 4.057814 16.965042 17.130973 
0.829000 0.801481 2.525848 4.058492 16.981652 17.147527 
0.830000 0.801750 2.526738 4.059170 16.998262 17.164080 
0.831000 0.802019 2.527628 4.059847 17.014872 17.180634 
0.832000 0.802287 2.528517 4.060525 17.031483 17.197188 
0.833000 0.802556 2.529407 4.061202 17.048093 17.213742 
0.834000 0.802824 2.530296 4.061879 17.064704 17.230297 
0.835000 0.803092 2.531186 4.062556 17.081314 17.246851 
0.836000 0.803360 2.532075 4.063233 17.097925 17.263406 
0.837000 0.803628 2.532964 4.063910 17.114536 17.279961 
0.838000 0.803896 2.533853 4.064587 17.131147 17.296517 
0.839000 0.804164 2.534742 4.065263 17.147758 17.313073 
0.840000 0.804432 2.535631 4.065940 17.164369 17.329628 
0.841000 0.804699 2.536519 4.066616 17.180981 17.346185 
0.842000 0.804967 2.537408 4.067292 17.197592 17.362741 
0.843000 0.805234 2.538296 4.067968 17.214204 17.379298 
0.844000 0.805501 2.539185 4.068644 17.230815 17.395854 
0.845000 0.805769 2.540073 4.069320 17.247427 17.412412 
0.846000 0.806036 2.540961 4.069995 17.264039 17.428969 
0.847000 0.806303 2.541850 4.070671 17.280650 17.445526 
0.848000 0.806569 2.542738 4.071346 17.297262 17.462084 
0.849000 0.806836 2.543626 4.072022 17.313874 17.478642 
0.850000 0.807103 2.544513 4.072697 17.330487 17.495200 
0.851000 0.807369 2.545401 4.073372 17.347099 17.511759 
0.852000 0.807636 2.546289 4.074047 17.363711 17.528318 
0.853000 0.807902 2.547176 4.074722 17.380324 17.544876 
0.854000 0.808168 2.548064 4.075396 17.396936 17.561436 
0.855000 0.808434 2.548951 4.076071 17.413549 17.577995 
0.856000 0.808700 2.549839 4.076745 17.430161 17.594555 
0.857000 0.808966 2.550726 4.077420 17.446774 17.611114 
0.858000 0.809231 2.551613 4.078094 17.463387 17.627674 
0.859000 0.809497 2.552500 4.078768 17.480000 17.644235 
0.860000 0.809763 2.553387 4.079442 17.496613 17.660795 
0.861000 0.810028 2.554274 4.080116 17.513226 17.677356 
0.862000 0.810293 2.555161 4.080790 17.529839 17.693917 
0.863000 0.810558 2.556047 4.081464 17.546453 17.710478 
0.864000 0.810824 2.556934 4.082137 17.563066 17.727039 
0.865000 0.811088 2.557820 4.082811 17.579680 17.743601 
0.866000 0.811353 2.558707 4.083484 17.596293 17.760163 
0.867000 0.811618 2.559593 4.084157 17.612907 17.776725 
0.868000 0.811883 2.560479 4.084830 17.629521 17.793287 
0.869000 0.812147 2.561366 4.085504 17.646134 17.809849 
0.870000 0.812412 2.562252 4.086176 17.662748 17.826412 
0.871000 0.812676 2.563138 4.086849 17.679362 17.842975 
0.872000 0.812940 2.564024 4.087522 17.695976 17.859538 
0.873000 0.813204 2.564909 4.088195 17.712591 17.876101 
0.874000 0.813468 2.565795 4.088867 17.729205 17.892665 
0.875000 0.813732 2.566681 4.089540 17.745819 17.909228 
0.876000 0.813996 2.567566 4.090212 17.762434 17.925792 
0.877000 0.814260 2.568452 4.090884 17.779048 17.942356 
0.878000 0.814523 2.569337 4.091556 17.795663 17.958921 
0.879000 0.814787 2.570222 4.092228 17.812278 17.975485 
0.880000 0.815050 2.571108 4.092900 17.828892 17.992050 
0.881000 0.815313 2.571993 4.093572 17.845507 18.008615 
0.882000 0.815576 2.572878 4.094244 17.862122 18.025180 
0.883000 0.815839 2.573763 4.094915 17.878737 18.041745 
0.884000 0.816102 2.574648 4.095587 17.895352 18.058311 
0.885000 0.816365 2.575532 4.096258 17.911968 18.074877 
0.886000 0.816628 2.576417 4.096930 17.928583 18.091443 
0.887000 0.816890 2.577302 4.097601 17.945198 18.108009 
0.888000 0.817153 2.578186 4.098272 17.961814 18.124575 
0.889000 0.817415 2.579071 4.098943 17.978429 18.141142 
0.890000 0.817677 2.579955 4.099614 17.995045 18.157709 
0.891000 0.817940 2.580839 4.100285 18.011661 18.174276 
0.892000 0.818202 2.581723 4.100956 18.028277 18.190843 
0.893000 0.818464 2.582608 4.101626 18.044892 18.207410 
0.894000 0.818725 2.583492 4.102297 18.061508 18.223978 
0.895000 0.818987 2.584376 4.102967 18.078124 18.240545 
0.896000 0.819249 2.585260 4.103638 18.094740 18.257113 
0.897000 0.819510 2.586143 4.104308 18.111357 18.273682 
0.898000 0.819772 2.587027 4.104978 18.127973 18.290250 
0.899000 0.820033 2.587911 4.105648 18.144589 18.306818 
0.900000 0.820294 2.588794 4.106319 18.161206 18.323387 
0.901000 0.820555 2.589678 4.106988 18.177822 18.339956 
0.902000 0.820816 2.590561 4.107658 18.194439 18.356525 
0.903000 0.821077 2.591444 4.108328 18.211056 18.373094 
0.904000 0.821338 2.592328 4.108998 18.227672 18.389664 
0.905000 0.821599 2.593211 4.109668 18.244289 18.406234 
0.906000 0.821859 2.594094 4.110337 18.260906 18.422803 
0.907000 0.822120 2.594977 4.111007 18.277523 18.439374 
0.908000 0.822380 2.595860 4.111676 18.294140 18.455944 
0.909000 0.822641 2.596743 4.112345 18.310757 18.472514 
0.910000 0.822901 2.597626 4.113014 18.327374 18.489085 
0.911000 0.823161 2.598508 4.113684 18.343992 18.505656 
0.912000 0.823421 2.599391 4.114353 18.360609 18.522227 
0.913000 0.823681 2.600273 4.115022 18.377227 18.538798 
0.914000 0.823940 2.601156 4.115690 18.393844 18.555369 
0.915000 0.824200 2.602038 4.116359 18.410462 18.571941 
0.916000 0.824459 2.602921 4.117028 18.427079 18.588513 
0.917000 0.824719 2.603803 4.117697 18.443697 18.605084 
0.918000 0.824978 2.604685 4.118365 18.460315 18.621657 
0.919000 0.825237 2.605567 4.119034 18.476933 18.638229 
0.920000 0.825497 2.606449 4.119702 18.493551 18.654801 
0.921000 0.825756 2.607331 4.120371 18.510169 18.671374 
0.922000 0.826015 2.608213 4.121039 18.526787 18.687947 
0.923000 0.826273 2.609095 4.121707 18.543405 18.704520 
0.924000 0.826532 2.609976 4.122375 18.560024 18.721093 
0.925000 0.826791 2.610858 4.123043 18.576642 18.737666 
0.926000 0.827049 2.611740 4.123711 18.593260 18.754240 
0.927000 0.827308 2.612621 4.124379 18.609879 18.770813 
0.928000 0.827566 2.613503 4.125047 18.626497 18.787387 
0.929000 0.827824 2.614384 4.125715 18.643116 18.803961 
0.930000 0.828082 2.615265 4.126382 18.659735 18.820536 
0.931000 0.828340 2.616146 4.127050 18.676354 18.837110 
0.932000 0.828598 2.617028 4.127717 18.692972 18.853685 
0.933000 0.828856 2.617909 4.128385 18.709591 18.870259 
0.934000 0.829113 2.618790 4.129052 18.726210 18.886834 
0.935000 0.829371 2.619671 4.129720 18.742829 18.903409 
0.936000 0.829628 2.620551 4.130387 18.759449 18.919985 
0.937000 0.829886 2.621432 4.131054 18.776068 18.936560 
0.938000 0.830143 2.622313 4.131721 18.792687 18.953136 
0.939000 0.830400 2.623194 4.132388 18.809306 18.969712 
0.940000 0.830657 2.624074 4.133055 18.825926 18.986287 
0.941000 0.830914 2.624955 4.133722 18.842545 19.002864 
0.942000 0.831171 2.625835 4.134389 18.859165 19.019440 
0.943000 0.831428 2.626715 4.135056 18.875785 19.036016 
0.944000 0.831684 2.627596 4.135723 18.892404 19.052593 
0.945000 0.831941 2.628476 4.136389 18.909024 19.069170 
0.946000 0.832197 2.629356 4.137056 18.925644 19.085747 
0.947000 0.832454 2.630236 4.137723 18.942264 19.102324 
0.948000 0.832710 2.631116 4.138389 18.958884 19.118901 
0.949000 0.832966 2.631996 4.139055 18.975504 19.135479 
0.950000 0.833222 2.632876 4.139722 18.992124 19.152056 
0.951000 0.833478 2.633756 4.140388 19.008744 19.168634 
0.952000 0.833734 2.634635 4.141054 19.025365 19.185212 
0.953000 0.833989 2.635515 4.141720 19.041985 19.201790 
0.954000 0.834245 2.636395 4.142387 19.058605 19.218368 
0.955000 0.834501 2.637274 4.143053 19.075226 19.234947 
0.956000 0.834756 2.638154 4.143719 19.091846 19.251525 
0.957000 0.835011 2.639033 4.144385 19.108467 19.268104 
0.958000 0.835267 2.639912 4.145050 19.125088 19.284683 
0.959000 0.835522 2.640792 4.145716 19.141708 19.301262 
0.960000 0.835777 2.641671 4.146382 19.158329 19.317841 
0.961000 0.836032 2.642550 4.147048 19.174950 19.334421 
0.962000 0.836286 2.643429 4.147713 19.191571 19.351000 
0.963000 0.836541 2.644308 4.148379 19.208192 19.367580 
0.964000 0.836796 2.645187 4.149044 19.224813 19.384160 
0.965000 0.837050 2.646066 4.149710 19.241434 19.400740 
0.966000 0.837305 2.646945 4.150375 19.258055 19.417320 
0.967000 0.837559 2.647823 4.151041 19.274677 19.433900 
0.968000 0.837813 2.648702 4.151706 19.291298 19.450481 
0.969000 0.838067 2.649581 4.152371 19.307919 19.467062 
0.970000 0.838321 2.650459 4.153037 19.324541 19.483642 
0.971000 0.838575 2.651338 4.153702 19.341162 19.500223 
0.972000 0.838829 2.652216 4.154367 19.357784 19.516804 
0.973000 0.839083 2.653094 4.155032 19.374406 19.533386 
0.974000 0.839336 2.653973 4.155697 19.391027 19.549967 
0.975000 0.839590 2.654851 4.156362 19.407649 19.566549 
0.976000 0.839843 2.655729 4.157027 19.424271 19.583130 
0.977000 0.840096 2.656607 4.157692 19.440893 19.599712 
0.978000 0.840349 2.657485 4.158356 19.457515 19.616294 
0.979000 0.840603 2.658363 4.159021 19.474137 19.632876 
0.980000 0.840856 2.659241 4.159686 19.490759 19.649459 
0.981000 0.841108 2.660119 4.160350 19.507381 19.666041 
0.982000 0.841361 2.660997 4.161015 19.524003 19.682624 
0.983000 0.841614 2.661874 4.161680 19.540626 19.699207 
0.984000 0.841867 2.662752 4.162344 19.557248 19.715789 
0.985000 0.842119 2.663630 4.163008 19.573870 19.732372 
0.986000 0.842371 2.664507 4.163673 19.590493 19.748956 
0.987000 0.842624 2.665384 4.164337 19.607116 19.765539 
0.988000 0.842876 2.666262 4.165002 19.623738 19.782123 
0.989000 0.843128 2.667139 4.165666 19.640361 19.798706 
0.990000 0.843380 2.668016 4.166330 19.656984 19.815290 
0.991000 0.843632 2.668894 4.166994 19.673606 19.831874 
0.992000 0.843884 2.669771 4.167658 19.690229 19.848458 
0.993000 0.844135 2.670648 4.168322 19.706852 19.865042 
0.994000 0.844387 2.671525 4.168986 19.723475 19.881627 
0.995000 0.844638 2.672402 4.169650 19.740098 19.898211 
0.996000 0.844890 2.673279 4.170314 19.756721 19.914796 
0.997000 0.845141 2.674156 4.170978 19.773344 19.931381 
0.998000 0.845392 2.675033 4.171642 19.789967 19.947965 
0.999000 0.845643 2.675909 4.172306 19.806591 19.964551 
1.000000 0.845894 2.676786 4.172970 19.823214 19.981136 
